Threads	N	      AvrTime (sec)	    Result

1       2       0               3.141600987

2       2       8.33272934e-05  3.141600987

4       2       0.0005000034968 3.141600987

8       2       0.0002500017484 3.141600987

10      2       0.00033334891   3.141600987

12      2       0.0003333290418 3.141600987



1       6       0.003800010681  3.141592654

2       6       0.003200006485  3.141592654

4       6       0.002400016785  3.141592654

8       6       0.001800012589  3.141592654

10      6       0.001599979401  3.141592654

12      6       0.001600027084  3.141592654
